6
001111
120
0.5
 214365    
 241635    
 426153    
 462513    
 645231    
 654321    
 563412    
 536142    
 351624    
 315264    
 132546   
-123564    
 215346    
 251436    
 524163    
 542613    
 456231    
 465321    
 643512    
 634152    
 361425    
 316245    
 132654   
 136245    
 312654    
 321564    
 235146    
 253416    
 524361    
 542631    
 456213    
 465123    
 641532    
 614352    
 163425   
 164352    
 613425    
 631245    
 362154    
 326514    
 235641    
 253461    
 524316    
 542136    
 451263    
 415623    
 146532   
 145623    
 416532    
 461352    
 643125    
 634215    
 362451    
 326541    
 235614    
 253164    
 521346    
 512436    
 154263   
-145236    
 412563    
 421653    
 246135    
 264315    
 623451    
 632541    
 365214    
 356124    
 531642    
 513462    
 154326   
-145362    
 413526    
 431256    
 342165    
 324615    
 236451    
 263541    
 625314    
 652134    
 561243    
 516423    
 154632   
 156423    
 514632    
 541362    
 453126    
 435216    
 342561    
 324651    
 236415    
 263145    
 621354    
 612534    
 165243   
 162534    
 615243    
 651423    
 564132    
 546312    
 453621    
 435261    
 342516    
 324156    
 231465    
 213645    
 126354   
 123645    
 216354    
 261534    
 625143    
 652413    
 564231    
 546321    
 453612    
 435162    
 341526    
 314256    
 132465   
s132456    
 314265    
 341625    
 436152    
 463512    
 645321    
 654231    
 562413    
 526143    
 251634    
 215364    
 123546   
 125364    
 213546    
 231456    
 324165    
 342615    
 436251    
 463521    
 645312    
 654132    
 561423    
 516243    
 152634   
 156243    
 512634    
 521364    
 253146    
 235416    
 324561    
 342651    
 436215    
 463125    
 641352    
 614532    
 165423   
 164532    
 615423    
 651243    
 562134    
 526314    
 253641    
 235461    
 324516    
 342156    
 431265    
 413625    
 146352   
 143625    
 416352    
 461532    
 645123    
 654213    
 562431    
 526341    
 253614    
 235164    
 321546    
 312456    
 134265   
s134256    
 312465    
 321645    
 236154    
 263514    
 625341    
 652431    
 564213    
 546123    
 451632    
 415362    
 143526   
-134562    
 315426    
 351246    
 532164    
 523614    
 256341    
 265431    
 624513    
 642153    
 461235    
 416325    
 143652   
 146325    
 413652    
 431562    
 345126    
 354216    
 532461    
 523641    
 256314    
 265134    
 621543    
 612453    
 164235   
 162453    
 614235    
 641325    
 463152    
 436512    
 345621    
 354261    
 532416    
 523146    
 251364    
 215634    
 126543   
 125634    
 216543    
 261453    
 624135    
 642315    
 463251    
 436521    
 345612    
 354162    
 531426    
 513246    
 152364   
-125346    
 213564    
 231654    
 326145    
 362415    
 634251    
 643521    
 465312    
 456132    
 541623    
 514263    
 152436   
-125463    
 214536    
 241356    
 423165    
 432615    
 346251    
 364521    
 635412    
 653142    
 561324    
 516234    
 152643   
 156234    
 512643    
 521463    
 254136    
 245316    
 423561    
 432651    
 346215    
 364125    
 631452    
 613542    
 165324   
 163542    
 615324    
 651234    
 562143    
 526413    
 254631    
 245361    
 423516    
 432156    
 341265    
 314625    
 136452   
 134625    
 316452    
 361542    
 635124    
 653214    
 562341    
 526431    
 254613    
 245163    
 421536    
 412356    
 143265   
s143256    
 412365    
 421635    
 246153    
 264513    
 625431    
 652341    
 563214    
 536124    
 351642    
 315462    
 134526   
 135462    
 314526    
 341256    
 432165    
 423615    
 246351    
 264531    
 625413    
 652143    
 561234    
 516324    
 153642   
 156324    
 513642    
 531462    
 354126    
 345216    
 432561    
 423651    
 246315    
 264135    
 621453    
 612543    
 165234   
 162543    
 615234    
 651324    
 563142    
 536412    
 354621    
 345261    
 432516    
 423156    
 241365    
 214635    
 126453   
 124635    
 216453    
 261543    
 625134    
 652314    
 563241    
 536421    
 354612    
 345162    
 431526    
 413256    
 142365   
s142356    
 413265    
 431625    
 346152    
 364512    
 635421    
 653241    
 562314    
 526134    
 251643    
 215463    
 124536   
-142563    
 415236    
 451326    
 543162    
 534612    
 356421    
 365241    
 632514    
 623154    
 261345    
 216435    
 124653   
 126435    
 214653    
 241563    
 425136    
 452316    
 543261    
 534621    
 356412    
 365142    
 631524    
 613254    
 162345   
 163254    
 612345    
 621435    
 264153    
 246513    
 425631    
 452361    
 543216    
 534126    
 351462    
 315642    
 136524   
 135642    
 316524    
 361254    
 632145    
 623415    
 264351    
 246531    
 425613    
 452163    
 541236    
 514326    
 153462   
-135426    
 314562    
 341652    
 436125    
 463215    
 642351    
 624531    
 265413    
 256143    
 521634    
 512364    
 153246   
-135264    
 312546    
 321456    
 234165    
 243615    
 426351    
 462531    
 645213    
 654123    
 561432    
 516342    
 153624   
 156342    
 513624    
 531264    
 352146    
 325416    
 234561    
 243651    
 426315    
 462135    
 641253    
 614523    
 165432   
 164523    
 615432    
 651342    
 563124    
 536214    
 352641    
 325461    
 234516    
 243156    
 421365    
 412635    
 146253   
 142635    
 416253    
 461523    
 645132    
 654312    
 563421    
 536241    
 352614    
 325164    
 231546    
 213456    
 124365   
s124356    
 213465    
 231645    
 326154    
 362514    
 635241    
 653421    
 564312    
 546132    
 451623    
 415263    
 142536   
 145263    
 412536    
 421356    
 243165    
 234615    
 326451    
 362541    
 635214    
 653124    
 561342    
 516432    
 154623   
 156432    
 514623    
 541263    
 452136    
 425316    
 243561    
 234651    
 326415    
 362145    
 631254    
 613524    
 165342   
 163524    
 615342    
 651432    
 564123    
 546213    
 452631    
 425361    
 243516    
 234156    
 321465    
 312645    
 136254   
 132645    
 316254    
 361524    
 635142    
 653412    
 564321    
 546231    
 452613    
 425163    
 241536    
 214356    
 123465   
s123456
